yh [-],xl [-],c_m [user_defined],c_s [user_defined],vfrac_liqwater [-],vfrac_swe [-],v_liqwater [mm*mm*m],v_swe [mm*mm*m],v_air [mm*mm*m]
0,0,0,0.135784890366924,0,1,0,32.0384461353624,5
0,1,0,0.135784890366924,0,1,0,32.0384461353624,5
0,2,0,0.135784890366924,0,1,0,32.0384461353624,5
0,3,0,0.135784890366924,0,1,0,32.0384461353624,5
0,4,0,0.135784890366924,0,1,0,32.0384461353624,5
0,5,0,0.135784890366924,0,1,0,32.0384461353624,5
0,6,0,0.135784890366924,0,1,0,32.0384461353624,5
0,7,0,0.135784890366924,0,1,0,32.0384461353624,5
0,8,0,0.135784890366924,0,1,0,32.0384461353624,5
0,9,0,0.135784890366924,0,1,0,32.0384461353624,5
1,0,0,0.135784890366924,0,1,0,32.0384461353624,5
1,1,0,0.135784890366924,0,1,0,32.0384461353624,5
1,2,0,0.135784890366924,0,1,0,32.0384461353624,5
1,3,0,0.135784890366924,0,1,0,32.0384461353624,5
1,4,0,0.135784890366924,0,1,0,32.0384461353624,5
1,5,0,0.135784890366924,0,1,0,32.0384461353624,5
1,6,0,0.135784890366924,0,1,0,32.0384461353624,5
1,7,0,0.135784890366924,0,1,0,32.0384461353624,5
1,8,0,0.135784890366924,0,1,0,32.0384461353624,5
1,9,0,0.135784890366924,0,1,0,32.0384461353624,5
2,0,0,0.135784890366924,0,1,0,32.0384461353624,5
2,1,0,0.135784890366924,0,1,0,32.0384461353624,5
2,2,0,0.135784890366924,0,1,0,32.0384461353624,5
2,3,0,0.135784890366924,0,1,0,32.0384461353624,5
2,4,0,0.135784890366924,0,1,0,32.0384461353624,5
2,5,0,0.135784890366924,0,1,0,32.0384461353624,5
2,6,0,0.135784890366924,0,1,0,32.0384461353624,5
2,7,0,0.135784890366924,0,1,0,32.0384461353624,5
2,8,0,0.135784890366924,0,1,0,32.0384461353624,5
2,9,0,0.135784890366924,0,1,0,32.0384461353624,5
3,0,0,0.135784890366924,0,1,0,32.0384461353624,5
3,1,0,0.135784890366924,0,1,0,32.0384461353624,5
3,2,0,0.135784890366924,0,1,0,32.0384461353624,5
3,3,0,0.135784890366924,0,1,0,32.0384461353624,5
3,4,0,0.135784890366924,0,1,0,32.0384461353624,5
3,5,0,0.135784890366924,0,1,0,32.0384461353624,5
3,6,0,0.135784890366924,0,1,0,32.0384461353624,5
3,7,0,0.135784890366924,0,1,0,32.0384461353624,5
3,8,0,0.135784890366924,0,1,0,32.0384461353624,5
3,9,0,0.135784890366924,0,1,0,32.0384461353624,5
4,0,0,0.135784890366924,0,1,0,32.0384461353624,5
4,1,0,0.135784890366924,0,1,0,32.0384461353624,5
4,2,0,0.135784890366924,0,1,0,32.0384461353624,5
4,3,0,0.135784890366924,0,1,0,32.0384461353624,5
4,4,0,0.135784890366924,0,1,0,32.0384461353624,5
4,5,0,0.135784890366924,0,1,0,32.0384461353624,5
4,6,0,0.135784890366924,0,1,0,32.0384461353624,5
4,7,0,0.135784890366924,0,1,0,32.0384461353624,5
4,8,0,0.135784890366924,0,1,0,32.0384461353624,5
4,9,0,0.135784890366924,0,1,0,32.0384461353624,5
5,0,0,0.135784890366924,0,1,0,32.0384461353624,5
5,1,0,0.135784890366924,0,1,0,32.0384461353624,5
5,2,0,0.135784890366924,0,1,0,32.0384461353624,5
5,3,0,0.135784890366924,0,1,0,32.0384461353624,5
5,4,0,0.135784890366924,0,1,0,32.0384461353624,5
5,5,0,0.135784890366924,0,1,0,32.0384461353624,5
5,6,0,0.135784890366924,0,1,0,32.0384461353624,5
5,7,0,0.135784890366924,0,1,0,32.0384461353624,5
5,8,0,0.135784890366924,0,1,0,32.0384461353624,5
5,9,0,0.135784890366924,0,1,0,32.0384461353624,5
6,0,0,0.135784890366924,0,1,0,32.0384461353624,5
6,1,0,0.135784890366924,0,1,0,32.0384461353624,5
6,2,0,0.135784890366924,0,1,0,32.0384461353624,5
6,3,0,0.135784890366924,0,1,0,32.0384461353624,5
6,4,0,0.135784890366924,0,1,0,32.0384461353624,5
6,5,0,0.135784890366924,0,1,0,32.0384461353624,5
6,6,0,0.135784890366924,0,1,0,32.0384461353624,5
6,7,0,0.135784890366924,0,1,0,32.0384461353624,5
6,8,0,0.135784890366924,0,1,0,32.0384461353624,5
6,9,0,0.135784890366924,0,1,0,32.0384461353624,5
7,0,0,0.135784890366924,0,1,0,32.0384461353624,5
7,1,0,0.135784890366924,0,1,0,32.0384461353624,5
7,2,0,0.135784890366924,0,1,0,32.0384461353624,5
7,3,0,0.135784890366924,0,1,0,32.0384461353624,5
7,4,0,0.135784890366924,0,1,0,32.0384461353624,5
7,5,0,0.135784890366924,0,1,0,32.0384461353624,5
7,6,0,0.135784890366924,0,1,0,32.0384461353624,5
7,7,0,0.135784890366924,0,1,0,32.0384461353624,5
7,8,0,0.135784890366924,0,1,0,32.0384461353624,5
7,9,0,0.135784890366924,0,1,0,32.0384461353624,5
8,0,0,0.135784890366924,0,1,0,32.0384461353624,5
8,1,0,0.135784890366924,0,1,0,32.0384461353624,5
8,2,0,0.135784890366924,0,1,0,32.0384461353624,5
8,3,0,0.135784890366924,0,1,0,32.0384461353624,5
8,4,0,0.135784890366924,0,1,0,32.0384461353624,5
8,5,0,0.135784890366924,0,1,0,32.0384461353624,5
8,6,0,0.135784890366924,0,1,0,32.0384461353624,5
8,7,0,0.135784890366924,0,1,0,32.0384461353624,5
8,8,0,0.135784890366924,0,1,0,32.0384461353624,5
8,9,0,0.135784890366924,0,1,0,32.0384461353624,5
9,0,0,0.135784890366924,0,1,0,32.0384461353624,5
9,1,0,0.135784890366924,0,1,0,32.0384461353624,5
9,2,0,0.135784890366924,0,1,0,32.0384461353624,5
9,3,0,0.135784890366924,0,1,0,32.0384461353624,5
9,4,0,0.135784890366924,0,1,0,32.0384461353624,5
9,5,0,0.135784890366924,0,1,0,32.0384461353624,5
9,6,0,0.135784890366924,0,1,0,32.0384461353624,5
9,7,0,0.135784890366924,0,1,0,32.0384461353624,5
9,8,0,0.135784890366924,0,1,0,32.0384461353624,5
9,9,0,0.135784890366924,0,1,0,32.0384461353624,5
10,0,0,0.135784890366924,0,1,0,32.0384461353624,5
10,1,0,0.135784890366924,0,1,0,32.0384461353624,5
10,2,0,0.135784890366924,0,1,0,32.0384461353624,5
10,3,0,0.135784890366924,0,1,0,32.0384461353624,5
10,4,0,0.135784890366924,0,1,0,32.0384461353624,5
10,5,0,0.135784890366924,0,1,0,32.0384461353624,5
10,6,0,0.135784890366924,0,1,0,32.0384461353624,5
10,7,0,0.135784890366924,0,1,0,32.0384461353624,5
10,8,0,0.135784890366924,0,1,0,32.0384461353624,5
10,9,0,0.135784890366924,0,1,0,32.0384461353624,5
11,0,0,0.0924981427755126,0,1,0,32.0384461353624,5
11,1,0,0.0924981427755126,0,1,0,32.0384461353624,5
11,2,0,0.0924981427755126,0,1,0,32.0384461353624,5
11,3,0,0.0924981427755126,0,1,0,32.0384461353624,5
11,4,0,0.0924981427755126,0,1,0,32.0384461353624,5
11,5,0,0.0924981427755126,0,1,0,32.0384461353624,5
11,6,0,0.0924981427755126,0,1,0,32.0384461353624,5
11,7,0,0.0924981427755126,0,1,0,32.0384461353624,5
11,8,0,0.0924981427755126,0,1,0,32.0384461353624,5
11,9,0,0.0924981427755126,0,1,0,32.0384461353624,5
12,0,0,0.0924981427755126,0,1,0,32.0384461353624,5
12,1,0,0.0924981427755126,0,1,0,32.0384461353624,5
12,2,0,0.0924981427755126,0,1,0,32.0384461353624,5
12,3,0,0.0924981427755126,0,1,0,32.0384461353624,5
12,4,0,0.0924981427755126,0,1,0,32.0384461353624,5
12,5,0,0.0924981427755126,0,1,0,32.0384461353624,5
12,6,0,0.0924981427755126,0,1,0,32.0384461353624,5
12,7,0,0.0924981427755126,0,1,0,32.0384461353624,5
12,8,0,0.0924981427755126,0,1,0,32.0384461353624,5
12,9,0,0.0924981427755126,0,1,0,32.0384461353624,5
13,0,0,0.0924981427755126,0,1,0,32.0384461353624,5
13,1,0,0.0924981427755126,0,1,0,32.0384461353624,5
13,2,0,0.0924981427755126,0,1,0,32.0384461353624,5
13,3,0,0.0924981427755126,0,1,0,32.0384461353624,5
13,4,0,0.0924981427755126,0,1,0,32.0384461353624,5
13,5,0,0.0924981427755126,0,1,0,32.0384461353624,5
13,6,0,0.0924981427755126,0,1,0,32.0384461353624,5
13,7,0,0.0924981427755126,0,1,0,32.0384461353624,5
13,8,0,0.0924981427755126,0,1,0,32.0384461353624,5
13,9,0,0.0924981427755126,0,1,0,32.0384461353624,5
14,0,0,0.0924981427755126,0,1,0,32.0384461353624,5
14,1,0,0.0924981427755126,0,1,0,32.0384461353624,5
14,2,0,0.0924981427755126,0,1,0,32.0384461353624,5
14,3,0,0.0924981427755126,0,1,0,32.0384461353624,5
14,4,0,0.0924981427755126,0,1,0,32.0384461353624,5
14,5,0,0.0924981427755126,0,1,0,32.0384461353624,5
14,6,0,0.0924981427755126,0,1,0,32.0384461353624,5
14,7,0,0.0924981427755126,0,1,0,32.0384461353624,5
14,8,0,0.0924981427755126,0,1,0,32.0384461353624,5
14,9,0,0.0924981427755126,0,1,0,32.0384461353624,5
15,0,0,0.0924981427755126,0,1,0,32.0384461353624,5
15,1,0,0.0924981427755126,0,1,0,32.0384461353624,5
15,2,0,0.0924981427755126,0,1,0,32.0384461353624,5
15,3,0,0.0924981427755126,0,1,0,32.0384461353624,5
15,4,0,0.0924981427755126,0,1,0,32.0384461353624,5
15,5,0,0.0924981427755126,0,1,0,32.0384461353624,5
15,6,0,0.0924981427755126,0,1,0,32.0384461353624,5
15,7,0,0.0924981427755126,0,1,0,32.0384461353624,5
15,8,0,0.0924981427755126,0,1,0,32.0384461353624,5
15,9,0,0.0924981427755126,0,1,0,32.0384461353624,5
16,0,0,0.0924981427755126,0,1,0,32.0384461353624,5
16,1,0,0.0924981427755126,0,1,0,32.0384461353624,5
16,2,0,0.0924981427755126,0,1,0,32.0384461353624,5
16,3,0,0.0924981427755126,0,1,0,32.0384461353624,5
16,4,0,0.0924981427755126,0,1,0,32.0384461353624,5
16,5,0,0.0924981427755126,0,1,0,32.0384461353624,5
16,6,0,0.0924981427755126,0,1,0,32.0384461353624,5
16,7,0,0.0924981427755126,0,1,0,32.0384461353624,5
16,8,0,0.0924981427755126,0,1,0,32.0384461353624,5
16,9,0,0.0924981427755126,0,1,0,32.0384461353624,5
17,0,0,0.0924981427755126,0,1,0,32.0384461353624,5
17,1,0,0.0924981427755126,0,1,0,32.0384461353624,5
17,2,0,0.0924981427755126,0,1,0,32.0384461353624,5
17,3,0,0.0924981427755126,0,1,0,32.0384461353624,5
17,4,0,0.0924981427755126,0,1,0,32.0384461353624,5
17,5,0,0.0924981427755126,0,1,0,32.0384461353624,5
17,6,0,0.0924981427755126,0,1,0,32.0384461353624,5
17,7,0,0.0924981427755126,0,1,0,32.0384461353624,5
17,8,0,0.0924981427755126,0,1,0,32.0384461353624,5
17,9,0,0.0924981427755126,0,1,0,32.0384461353624,5
18,0,0,0.0924981427755126,0,1,0,32.0384461353624,5
18,1,0,0.0924981427755126,0,1,0,32.0384461353624,5
18,2,0,0.0924981427755126,0,1,0,32.0384461353624,5
18,3,0,0.0924981427755126,0,1,0,32.0384461353624,5
18,4,0,0.0924981427755126,0,1,0,32.0384461353624,5
18,5,0,0.0924981427755126,0,1,0,32.0384461353624,5
18,6,0,0.0924981427755126,0,1,0,32.0384461353624,5
18,7,0,0.0924981427755126,0,1,0,32.0384461353624,5
18,8,0,0.0924981427755126,0,1,0,32.0384461353624,5
18,9,0,0.0924981427755126,0,1,0,32.0384461353624,5
19,0,0,0.0924981427755126,0,1,0,32.0384461353624,5
19,1,0,0.0924981427755126,0,1,0,32.0384461353624,5
19,2,0,0.0924981427755126,0,1,0,32.0384461353624,5
19,3,0,0.0924981427755126,0,1,0,32.0384461353624,5
19,4,0,0.0924981427755126,0,1,0,32.0384461353624,5
19,5,0,0.0924981427755126,0,1,0,32.0384461353624,5
19,6,0,0.0924981427755126,0,1,0,32.0384461353624,5
19,7,0,0.0924981427755126,0,1,0,32.0384461353624,5
19,8,0,0.0924981427755126,0,1,0,32.0384461353624,5
19,9,0,0.0924981427755126,0,1,0,32.0384461353624,5
20,0,0,0.0924981427755126,0,1,0,32.0384461353624,5
20,1,0,0.0924981427755126,0,1,0,32.0384461353624,5
20,2,0,0.0924981427755126,0,1,0,32.0384461353624,5
20,3,0,0.0924981427755126,0,1,0,32.0384461353624,5
20,4,0,0.0924981427755126,0,1,0,32.0384461353624,5
20,5,0,0.0924981427755126,0,1,0,32.0384461353624,5
20,6,0,0.0924981427755126,0,1,0,32.0384461353624,5
20,7,0,0.0924981427755126,0,1,0,32.0384461353624,5
20,8,0,0.0924981427755126,0,1,0,32.0384461353624,5
20,9,0,0.0924981427755126,0,1,0,32.0384461353624,5
21,0,0,0.100783465395752,0,1,0,32.0384461353624,5
21,1,0,0.100783465395752,0,1,0,32.0384461353624,5
21,2,0,0.100783465395752,0,1,0,32.0384461353624,5
21,3,0,0.100783465395752,0,1,0,32.0384461353624,5
21,4,0,0.100783465395752,0,1,0,32.0384461353624,5
21,5,0,0.100783465395752,0,1,0,32.0384461353624,5
21,6,0,0.100783465395752,0,1,0,32.0384461353624,5
21,7,0,0.100783465395752,0,1,0,32.0384461353624,5
21,8,0,0.100783465395752,0,1,0,32.0384461353624,5
21,9,0,0.100783465395752,0,1,0,32.0384461353624,5
22,0,0,0.100783465395752,0,1,0,32.0384461353624,5
22,1,0,0.100783465395752,0,1,0,32.0384461353624,5
22,2,0,0.100783465395752,0,1,0,32.0384461353624,5
22,3,0,0.100783465395752,0,1,0,32.0384461353624,5
22,4,0,0.100783465395752,0,1,0,32.0384461353624,5
22,5,0,0.100783465395752,0,1,0,32.0384461353624,5
22,6,0,0.100783465395752,0,1,0,32.0384461353624,5
22,7,0,0.100783465395752,0,1,0,32.0384461353624,5
22,8,0,0.100783465395752,0,1,0,32.0384461353624,5
22,9,0,0.100783465395752,0,1,0,32.0384461353624,5
23,0,0,0.100783465395752,0,1,0,32.0384461353624,5
23,1,0,0.100783465395752,0,1,0,32.0384461353624,5
23,2,0,0.100783465395752,0,1,0,32.0384461353624,5
23,3,0,0.100783465395752,0,1,0,32.0384461353624,5
23,4,0,0.100783465395752,0,1,0,32.0384461353624,5
23,5,0,0.100783465395752,0,1,0,32.0384461353624,5
23,6,0,0.100783465395752,0,1,0,32.0384461353624,5
23,7,0,0.100783465395752,0,1,0,32.0384461353624,5
23,8,0,0.100783465395752,0,1,0,32.0384461353624,5
23,9,0,0.100783465395752,0,1,0,32.0384461353624,5
24,0,0,0.100783465395752,0,1,0,32.0384461353624,5
24,1,0,0.100783465395752,0,1,0,32.0384461353624,5
24,2,0,0.100783465395752,0,1,0,32.0384461353624,5
24,3,0,0.100783465395752,0,1,0,32.0384461353624,5
24,4,0,0.100783465395752,0,1,0,32.0384461353624,5
24,5,0,0.100783465395752,0,1,0,32.0384461353624,5
24,6,0,0.100783465395752,0,1,0,32.0384461353624,5
24,7,0,0.100783465395752,0,1,0,32.0384461353624,5
24,8,0,0.100783465395752,0,1,0,32.0384461353624,5
24,9,0,0.100783465395752,0,1,0,32.0384461353624,5
25,0,0,0.100783465395752,0,1,0,32.0384461353624,5
25,1,0,0.100783465395752,0,1,0,32.0384461353624,5
25,2,0,0.100783465395752,0,1,0,32.0384461353624,5
25,3,0,0.100783465395752,0,1,0,32.0384461353624,5
25,4,0,0.100783465395752,0,1,0,32.0384461353624,5
25,5,0,0.100783465395752,0,1,0,32.0384461353624,5
25,6,0,0.100783465395752,0,1,0,32.0384461353624,5
25,7,0,0.100783465395752,0,1,0,32.0384461353624,5
25,8,0,0.100783465395752,0,1,0,32.0384461353624,5
25,9,0,0.100783465395752,0,1,0,32.0384461353624,5
26,0,0,0.100783465395752,0,1,0,32.0384461353624,5
26,1,0,0.100783465395752,0,1,0,32.0384461353624,5
26,2,0,0.100783465395752,0,1,0,32.0384461353624,5
26,3,0,0.100783465395752,0,1,0,32.0384461353624,5
26,4,0,0.100783465395752,0,1,0,32.0384461353624,5
26,5,0,0.100783465395752,0,1,0,32.0384461353624,5
26,6,0,0.100783465395752,0,1,0,32.0384461353624,5
26,7,0,0.100783465395752,0,1,0,32.0384461353624,5
26,8,0,0.100783465395752,0,1,0,32.0384461353624,5
26,9,0,0.100783465395752,0,1,0,32.0384461353624,5
27,0,0,0.100783465395752,0,1,0,32.0384461353624,5
27,1,0,0.100783465395752,0,1,0,32.0384461353624,5
27,2,0,0.100783465395752,0,1,0,32.0384461353624,5
27,3,0,0.100783465395752,0,1,0,32.0384461353624,5
27,4,0,0.100783465395752,0,1,0,32.0384461353624,5
27,5,0,0.100783465395752,0,1,0,32.0384461353624,5
27,6,0,0.100783465395752,0,1,0,32.0384461353624,5
27,7,0,0.100783465395752,0,1,0,32.0384461353624,5
27,8,0,0.100783465395752,0,1,0,32.0384461353624,5
27,9,0,0.100783465395752,0,1,0,32.0384461353624,5
28,0,0,0.100783465395752,0,1,0,32.0384461353624,5
28,1,0,0.100783465395752,0,1,0,32.0384461353624,5
28,2,0,0.100783465395752,0,1,0,32.0384461353624,5
28,3,0,0.100783465395752,0,1,0,32.0384461353624,5
28,4,0,0.100783465395752,0,1,0,32.0384461353624,5
28,5,0,0.100783465395752,0,1,0,32.0384461353624,5
28,6,0,0.100783465395752,0,1,0,32.0384461353624,5
28,7,0,0.100783465395752,0,1,0,32.0384461353624,5
28,8,0,0.100783465395752,0,1,0,32.0384461353624,5
28,9,0,0.100783465395752,0,1,0,32.0384461353624,5
29,0,0,0.100783465395752,0,1,0,32.0384461353624,5
29,1,0,0.100783465395752,0,1,0,32.0384461353624,5
29,2,0,0.100783465395752,0,1,0,32.0384461353624,5
29,3,0,0.100783465395752,0,1,0,32.0384461353624,5
29,4,0,0.100783465395752,0,1,0,32.0384461353624,5
29,5,0,0.100783465395752,0,1,0,32.0384461353624,5
29,6,0,0.100783465395752,0,1,0,32.0384461353624,5
29,7,0,0.100783465395752,0,1,0,32.0384461353624,5
29,8,0,0.100783465395752,0,1,0,32.0384461353624,5
29,9,0,0.100783465395752,0,1,0,32.0384461353624,5
30,0,0,0.100783465395752,0,1,0,32.0384461353624,5
30,1,0,0.100783465395752,0,1,0,32.0384461353624,5
30,2,0,0.100783465395752,0,1,0,32.0384461353624,5
30,3,0,0.100783465395752,0,1,0,32.0384461353624,5
30,4,0,0.100783465395752,0,1,0,32.0384461353624,5
30,5,0,0.100783465395752,0,1,0,32.0384461353624,5
30,6,0,0.100783465395752,0,1,0,32.0384461353624,5
30,7,0,0.100783465395752,0,1,0,32.0384461353624,5
30,8,0,0.100783465395752,0,1,0,32.0384461353624,5
30,9,0,0.100783465395752,0,1,0,32.0384461353624,5
31,0,0,0.141758823073791,0,1,0,32.0384461353624,5
31,1,0,0.141758823073791,0,1,0,32.0384461353624,5
31,2,0,0.141758823073791,0,1,0,32.0384461353624,5
31,3,0,0.141758823073791,0,1,0,32.0384461353624,5
31,4,0,0.141758823073791,0,1,0,32.0384461353624,5
31,5,0,0.141758823073791,0,1,0,32.0384461353624,5
31,6,0,0.141758823073791,0,1,0,32.0384461353624,5
31,7,0,0.141758823073791,0,1,0,32.0384461353624,5
31,8,0,0.141758823073791,0,1,0,32.0384461353624,5
31,9,0,0.141758823073791,0,1,0,32.0384461353624,5
32,0,0,0.141758823073791,0,1,0,32.0384461353624,5
32,1,0,0.141758823073791,0,1,0,32.0384461353624,5
32,2,0,0.141758823073791,0,1,0,32.0384461353624,5
32,3,0,0.141758823073791,0,1,0,32.0384461353624,5
32,4,0,0.141758823073791,0,1,0,32.0384461353624,5
32,5,0,0.141758823073791,0,1,0,32.0384461353624,5
32,6,0,0.141758823073791,0,1,0,32.0384461353624,5
32,7,0,0.141758823073791,0,1,0,32.0384461353624,5
32,8,0,0.141758823073791,0,1,0,32.0384461353624,5
32,9,0,0.141758823073791,0,1,0,32.0384461353624,5
33,0,0,0.141758823073791,0,1,0,32.0384461353624,5
33,1,0,0.141758823073791,0,1,0,32.0384461353624,5
33,2,0,0.141758823073791,0,1,0,32.0384461353624,5
33,3,0,0.141758823073791,0,1,0,32.0384461353624,5
33,4,0,0.141758823073791,0,1,0,32.0384461353624,5
33,5,0,0.141758823073791,0,1,0,32.0384461353624,5
33,6,0,0.141758823073791,0,1,0,32.0384461353624,5
33,7,0,0.141758823073791,0,1,0,32.0384461353624,5
33,8,0,0.141758823073791,0,1,0,32.0384461353624,5
33,9,0,0.141758823073791,0,1,0,32.0384461353624,5
34,0,0,0.141758823073791,0,1,0,32.0384461353624,5
34,1,0,0.141758823073791,0,1,0,32.0384461353624,5
34,2,0,0.141758823073791,0,1,0,32.0384461353624,5
34,3,0,0.141758823073791,0,1,0,32.0384461353624,5
34,4,0,0.141758823073791,0,1,0,32.0384461353624,5
34,5,0,0.141758823073791,0,1,0,32.0384461353624,5
34,6,0,0.141758823073791,0,1,0,32.0384461353624,5
34,7,0,0.141758823073791,0,1,0,32.0384461353624,5
34,8,0,0.141758823073791,0,1,0,32.0384461353624,5
34,9,0,0.141758823073791,0,1,0,32.0384461353624,5
35,0,0,0.141758823073791,0,1,0,32.0384461353624,5
35,1,0,0.141758823073791,0,1,0,32.0384461353624,5
35,2,0,0.141758823073791,0,1,0,32.0384461353624,5
35,3,0,0.141758823073791,0,1,0,32.0384461353624,5
35,4,0,0.141758823073791,0,1,0,32.0384461353624,5
35,5,0,0.141758823073791,0,1,0,32.0384461353624,5
35,6,0,0.141758823073791,0,1,0,32.0384461353624,5
35,7,0,0.141758823073791,0,1,0,32.0384461353624,5
35,8,0,0.141758823073791,0,1,0,32.0384461353624,5
35,9,0,0.141758823073791,0,1,0,32.0384461353624,5
36,0,0,0.141758823073791,0,1,0,32.0384461353624,5
36,1,0,0.141758823073791,0,1,0,32.0384461353624,5
36,2,0,0.141758823073791,0,1,0,32.0384461353624,5
36,3,0,0.141758823073791,0,1,0,32.0384461353624,5
36,4,0,0.141758823073791,0,1,0,32.0384461353624,5
36,5,0,0.141758823073791,0,1,0,32.0384461353624,5
36,6,0,0.141758823073791,0,1,0,32.0384461353624,5
36,7,0,0.141758823073791,0,1,0,32.0384461353624,5
36,8,0,0.141758823073791,0,1,0,32.0384461353624,5
36,9,0,0.141758823073791,0,1,0,32.0384461353624,5
37,0,0,0.141758823073791,0,1,0,32.0384461353624,5
37,1,0,0.141758823073791,0,1,0,32.0384461353624,5
37,2,0,0.141758823073791,0,1,0,32.0384461353624,5
37,3,0,0.141758823073791,0,1,0,32.0384461353624,5
37,4,0,0.141758823073791,0,1,0,32.0384461353624,5
37,5,0,0.141758823073791,0,1,0,32.0384461353624,5
37,6,0,0.141758823073791,0,1,0,32.0384461353624,5
37,7,0,0.141758823073791,0,1,0,32.0384461353624,5
37,8,0,0.141758823073791,0,1,0,32.0384461353624,5
37,9,0,0.141758823073791,0,1,0,32.0384461353624,5
38,0,0,0.141758823073791,0,1,0,32.0384461353624,5
38,1,0,0.141758823073791,0,1,0,32.0384461353624,5
38,2,0,0.141758823073791,0,1,0,32.0384461353624,5
38,3,0,0.141758823073791,0,1,0,32.0384461353624,5
38,4,0,0.141758823073791,0,1,0,32.0384461353624,5
38,5,0,0.141758823073791,0,1,0,32.0384461353624,5
38,6,0,0.141758823073791,0,1,0,32.0384461353624,5
38,7,0,0.141758823073791,0,1,0,32.0384461353624,5
38,8,0,0.141758823073791,0,1,0,32.0384461353624,5
38,9,0,0.141758823073791,0,1,0,32.0384461353624,5
39,0,0,0.141758823073791,0,1,0,32.0384461353624,5
39,1,0,0.141758823073791,0,1,0,32.0384461353624,5
39,2,0,0.141758823073791,0,1,0,32.0384461353624,5
39,3,0,0.141758823073791,0,1,0,32.0384461353624,5
39,4,0,0.141758823073791,0,1,0,32.0384461353624,5
39,5,0,0.141758823073791,0,1,0,32.0384461353624,5
39,6,0,0.141758823073791,0,1,0,32.0384461353624,5
39,7,0,0.141758823073791,0,1,0,32.0384461353624,5
39,8,0,0.141758823073791,0,1,0,32.0384461353624,5
39,9,0,0.141758823073791,0,1,0,32.0384461353624,5
40,0,0,0.141758823073791,0,1,0,32.0384461353624,5
40,1,0,0.141758823073791,0,1,0,32.0384461353624,5
40,2,0,0.141758823073791,0,1,0,32.0384461353624,5
40,3,0,0.141758823073791,0,1,0,32.0384461353624,5
40,4,0,0.141758823073791,0,1,0,32.0384461353624,5
40,5,0,0.141758823073791,0,1,0,32.0384461353624,5
40,6,0,0.141758823073791,0,1,0,32.0384461353624,5
40,7,0,0.141758823073791,0,1,0,32.0384461353624,5
40,8,0,0.141758823073791,0,1,0,32.0384461353624,5
40,9,0,0.141758823073791,0,1,0,32.0384461353624,5
41,0,0,0.0929862893794549,0,1,0,32.0384461353624,5
41,1,0,0.0929862893794549,0,1,0,32.0384461353624,5
41,2,0,0.0929862893794549,0,1,0,32.0384461353624,5
41,3,0,0.0929862893794549,0,1,0,32.0384461353624,5
41,4,0,0.0929862893794549,0,1,0,32.0384461353624,5
41,5,0,0.0929862893794549,0,1,0,32.0384461353624,5
41,6,0,0.0929862893794549,0,1,0,32.0384461353624,5
41,7,0,0.0929862893794549,0,1,0,32.0384461353624,5
41,8,0,0.0929862893794549,0,1,0,32.0384461353624,5
41,9,0,0.0929862893794549,0,1,0,32.0384461353624,5
42,0,0,0.0929862893794549,0,1,0,32.0384461353624,5
42,1,0,0.0929862893794549,0,1,0,32.0384461353624,5
42,2,0,0.0929862893794549,0,1,0,32.0384461353624,5
42,3,0,0.0929862893794549,0,1,0,32.0384461353624,5
42,4,0,0.0929862893794549,0,1,0,32.0384461353624,5
42,5,0,0.0929862893794549,0,1,0,32.0384461353624,5
42,6,0,0.0929862893794549,0,1,0,32.0384461353624,5
42,7,0,0.0929862893794549,0,1,0,32.0384461353624,5
42,8,0,0.0929862893794549,0,1,0,32.0384461353624,5
42,9,0,0.0929862893794549,0,1,0,32.0384461353624,5
43,0,0,0.0929862893794549,0,1,0,32.0384461353624,5
43,1,0,0.0929862893794549,0,1,0,32.0384461353624,5
43,2,0,0.0929862893794549,0,1,0,32.0384461353624,5
43,3,0,0.0929862893794549,0,1,0,32.0384461353624,5
43,4,0,0.0929862893794549,0,1,0,32.0384461353624,5
43,5,0,0.0929862893794549,0,1,0,32.0384461353624,5
43,6,0,0.0929862893794549,0,1,0,32.0384461353624,5
43,7,0,0.0929862893794549,0,1,0,32.0384461353624,5
43,8,0,0.0929862893794549,0,1,0,32.0384461353624,5
43,9,0,0.0929862893794549,0,1,0,32.0384461353624,5
44,0,0,0.0929862893794549,0,1,0,32.0384461353624,5
44,1,0,0.0929862893794549,0,1,0,32.0384461353624,5
44,2,0,0.0929862893794549,0,1,0,32.0384461353624,5
44,3,0,0.0929862893794549,0,1,0,32.0384461353624,5
44,4,0,0.0929862893794549,0,1,0,32.0384461353624,5
44,5,0,0.0929862893794549,0,1,0,32.0384461353624,5
44,6,0,0.0929862893794549,0,1,0,32.0384461353624,5
44,7,0,0.0929862893794549,0,1,0,32.0384461353624,5
44,8,0,0.0929862893794549,0,1,0,32.0384461353624,5
44,9,0,0.0929862893794549,0,1,0,32.0384461353624,5
45,0,0,0.0929862893794549,0,1,0,32.0384461353624,5
45,1,0,0.0929862893794549,0,1,0,32.0384461353624,5
45,2,0,0.0929862893794549,0,1,0,32.0384461353624,5
45,3,0,0.0929862893794549,0,1,0,32.0384461353624,5
45,4,0,0.0929862893794549,0,1,0,32.0384461353624,5
45,5,0,0.0929862893794549,0,1,0,32.0384461353624,5
45,6,0,0.0929862893794549,0,1,0,32.0384461353624,5
45,7,0,0.0929862893794549,0,1,0,32.0384461353624,5
45,8,0,0.0929862893794549,0,1,0,32.0384461353624,5
45,9,0,0.0929862893794549,0,1,0,32.0384461353624,5
46,0,0,0.0929862893794549,0,1,0,32.0384461353624,5
46,1,0,0.0929862893794549,0,1,0,32.0384461353624,5
46,2,0,0.0929862893794549,0,1,0,32.0384461353624,5
46,3,0,0.0929862893794549,0,1,0,32.0384461353624,5
46,4,0,0.0929862893794549,0,1,0,32.0384461353624,5
46,5,0,0.0929862893794549,0,1,0,32.0384461353624,5
46,6,0,0.0929862893794549,0,1,0,32.0384461353624,5
46,7,0,0.0929862893794549,0,1,0,32.0384461353624,5
46,8,0,0.0929862893794549,0,1,0,32.0384461353624,5
46,9,0,0.0929862893794549,0,1,0,32.0384461353624,5
47,0,0,0.0929862893794549,0,1,0,32.0384461353624,5
47,1,0,0.0929862893794549,0,1,0,32.0384461353624,5
47,2,0,0.0929862893794549,0,1,0,32.0384461353624,5
47,3,0,0.0929862893794549,0,1,0,32.0384461353624,5
47,4,0,0.0929862893794549,0,1,0,32.0384461353624,5
47,5,0,0.0929862893794549,0,1,0,32.0384461353624,5
47,6,0,0.0929862893794549,0,1,0,32.0384461353624,5
47,7,0,0.0929862893794549,0,1,0,32.0384461353624,5
47,8,0,0.0929862893794549,0,1,0,32.0384461353624,5
47,9,0,0.0929862893794549,0,1,0,32.0384461353624,5
48,0,0,0.0929862893794549,0,1,0,32.0384461353624,5
48,1,0,0.0929862893794549,0,1,0,32.0384461353624,5
48,2,0,0.0929862893794549,0,1,0,32.0384461353624,5
48,3,0,0.0929862893794549,0,1,0,32.0384461353624,5
48,4,0,0.0929862893794549,0,1,0,32.0384461353624,5
48,5,0,0.0929862893794549,0,1,0,32.0384461353624,5
48,6,0,0.0929862893794549,0,1,0,32.0384461353624,5
48,7,0,0.0929862893794549,0,1,0,32.0384461353624,5
48,8,0,0.0929862893794549,0,1,0,32.0384461353624,5
48,9,0,0.0929862893794549,0,1,0,32.0384461353624,5
49,0,0,0.0929862893794549,0,1,0,32.0384461353624,5
49,1,0,0.0929862893794549,0,1,0,32.0384461353624,5
49,2,0,0.0929862893794549,0,1,0,32.0384461353624,5
49,3,0,0.0929862893794549,0,1,0,32.0384461353624,5
49,4,0,0.0929862893794549,0,1,0,32.0384461353624,5
49,5,0,0.0929862893794549,0,1,0,32.0384461353624,5
49,6,0,0.0929862893794549,0,1,0,32.0384461353624,5
49,7,0,0.0929862893794549,0,1,0,32.0384461353624,5
49,8,0,0.0929862893794549,0,1,0,32.0384461353624,5
49,9,0,0.0929862893794549,0,1,0,32.0384461353624,5
50,0,0,0.0929862893794549,0,1,0,32.0384461353624,5
50,1,0,0.0929862893794549,0,1,0,32.0384461353624,5
50,2,0,0.0929862893794549,0,1,0,32.0384461353624,5
50,3,0,0.0929862893794549,0,1,0,32.0384461353624,5
50,4,0,0.0929862893794549,0,1,0,32.0384461353624,5
50,5,0,0.0929862893794549,0,1,0,32.0384461353624,5
50,6,0,0.0929862893794549,0,1,0,32.0384461353624,5
50,7,0,0.0929862893794549,0,1,0,32.0384461353624,5
50,8,0,0.0929862893794549,0,1,0,32.0384461353624,5
50,9,0,0.0929862893794549,0,1,0,32.0384461353624,5
51,0,0,0.116591016244802,0,1,0,32.0384461353624,5
51,1,0,0.116591016244802,0,1,0,32.0384461353624,5
51,2,0,0.116591016244802,0,1,0,32.0384461353624,5
51,3,0,0.116591016244802,0,1,0,32.0384461353624,5
51,4,0,0.116591016244802,0,1,0,32.0384461353624,5
51,5,0,0.116591016244802,0,1,0,32.0384461353624,5
51,6,0,0.116591016244802,0,1,0,32.0384461353624,5
51,7,0,0.116591016244802,0,1,0,32.0384461353624,5
51,8,0,0.116591016244802,0,1,0,32.0384461353624,5
51,9,0,0.116591016244802,0,1,0,32.0384461353624,5
52,0,0,0.116591016244802,0,1,0,32.0384461353624,5
52,1,0,0.116591016244802,0,1,0,32.0384461353624,5
52,2,0,0.116591016244802,0,1,0,32.0384461353624,5
52,3,0,0.116591016244802,0,1,0,32.0384461353624,5
52,4,0,0.116591016244802,0,1,0,32.0384461353624,5
52,5,0,0.116591016244802,0,1,0,32.0384461353624,5
52,6,0,0.116591016244802,0,1,0,32.0384461353624,5
52,7,0,0.116591016244802,0,1,0,32.0384461353624,5
52,8,0,0.116591016244802,0,1,0,32.0384461353624,5
52,9,0,0.116591016244802,0,1,0,32.0384461353624,5
53,0,0,0.116591016244802,0,1,0,32.0384461353624,5
53,1,0,0.116591016244802,0,1,0,32.0384461353624,5
53,2,0,0.116591016244802,0,1,0,32.0384461353624,5
53,3,0,0.116591016244802,0,1,0,32.0384461353624,5
53,4,0,0.116591016244802,0,1,0,32.0384461353624,5
53,5,0,0.116591016244802,0,1,0,32.0384461353624,5
53,6,0,0.116591016244802,0,1,0,32.0384461353624,5
53,7,0,0.116591016244802,0,1,0,32.0384461353624,5
53,8,0,0.116591016244802,0,1,0,32.0384461353624,5
53,9,0,0.116591016244802,0,1,0,32.0384461353624,5
54,0,0,0.116591016244802,0,1,0,32.0384461353624,5
54,1,0,0.116591016244802,0,1,0,32.0384461353624,5
54,2,0,0.116591016244802,0,1,0,32.0384461353624,5
54,3,0,0.116591016244802,0,1,0,32.0384461353624,5
54,4,0,0.116591016244802,0,1,0,32.0384461353624,5
54,5,0,0.116591016244802,0,1,0,32.0384461353624,5
54,6,0,0.116591016244802,0,1,0,32.0384461353624,5
54,7,0,0.116591016244802,0,1,0,32.0384461353624,5
54,8,0,0.116591016244802,0,1,0,32.0384461353624,5
54,9,0,0.116591016244802,0,1,0,32.0384461353624,5
55,0,0,0.116591016244802,0,1,0,32.0384461353624,5
55,1,0,0.116591016244802,0,1,0,32.0384461353624,5
55,2,0,0.116591016244802,0,1,0,32.0384461353624,5
55,3,0,0.116591016244802,0,1,0,32.0384461353624,5
55,4,0,0.116591016244802,0,1,0,32.0384461353624,5
55,5,0,0.116591016244802,0,1,0,32.0384461353624,5
55,6,0,0.116591016244802,0,1,0,32.0384461353624,5
55,7,0,0.116591016244802,0,1,0,32.0384461353624,5
55,8,0,0.116591016244802,0,1,0,32.0384461353624,5
55,9,0,0.116591016244802,0,1,0,32.0384461353624,5
56,0,0,0.116591016244802,0,1,0,32.0384461353624,5
56,1,0,0.116591016244802,0,1,0,32.0384461353624,5
56,2,0,0.116591016244802,0,1,0,32.0384461353624,5
56,3,0,0.116591016244802,0,1,0,32.0384461353624,5
56,4,0,0.116591016244802,0,1,0,32.0384461353624,5
56,5,0,0.116591016244802,0,1,0,32.0384461353624,5
56,6,0,0.116591016244802,0,1,0,32.0384461353624,5
56,7,0,0.116591016244802,0,1,0,32.0384461353624,5
56,8,0,0.116591016244802,0,1,0,32.0384461353624,5
56,9,0,0.116591016244802,0,1,0,32.0384461353624,5
57,0,0,0.116591016244802,0,1,0,32.0384461353624,5
57,1,0,0.116591016244802,0,1,0,32.0384461353624,5
57,2,0,0.116591016244802,0,1,0,32.0384461353624,5
57,3,0,0.116591016244802,0,1,0,32.0384461353624,5
57,4,0,0.116591016244802,0,1,0,32.0384461353624,5
57,5,0,0.116591016244802,0,1,0,32.0384461353624,5
57,6,0,0.116591016244802,0,1,0,32.0384461353624,5
57,7,0,0.116591016244802,0,1,0,32.0384461353624,5
57,8,0,0.116591016244802,0,1,0,32.0384461353624,5
57,9,0,0.116591016244802,0,1,0,32.0384461353624,5
58,0,0,0.116591016244802,0,1,0,32.0384461353624,5
58,1,0,0.116591016244802,0,1,0,32.0384461353624,5
58,2,0,0.116591016244802,0,1,0,32.0384461353624,5
58,3,0,0.116591016244802,0,1,0,32.0384461353624,5
58,4,0,0.116591016244802,0,1,0,32.0384461353624,5
58,5,0,0.116591016244802,0,1,0,32.0384461353624,5
58,6,0,0.116591016244802,0,1,0,32.0384461353624,5
58,7,0,0.116591016244802,0,1,0,32.0384461353624,5
58,8,0,0.116591016244802,0,1,0,32.0384461353624,5
58,9,0,0.116591016244802,0,1,0,32.0384461353624,5
59,0,0,0.116591016244802,0,1,0,32.0384461353624,5
59,1,0,0.116591016244802,0,1,0,32.0384461353624,5
59,2,0,0.116591016244802,0,1,0,32.0384461353624,5
59,3,0,0.116591016244802,0,1,0,32.0384461353624,5
59,4,0,0.116591016244802,0,1,0,32.0384461353624,5
59,5,0,0.116591016244802,0,1,0,32.0384461353624,5
59,6,0,0.116591016244802,0,1,0,32.0384461353624,5
59,7,0,0.116591016244802,0,1,0,32.0384461353624,5
59,8,0,0.116591016244802,0,1,0,32.0384461353624,5
59,9,0,0.116591016244802,0,1,0,32.0384461353624,5
60,0,0,0.116591016244802,0,1,0,32.0384461353624,5
60,1,0,0.116591016244802,0,1,0,32.0384461353624,5
60,2,0,0.116591016244802,0,1,0,32.0384461353624,5
60,3,0,0.116591016244802,0,1,0,32.0384461353624,5
60,4,0,0.116591016244802,0,1,0,32.0384461353624,5
60,5,0,0.116591016244802,0,1,0,32.0384461353624,5
60,6,0,0.116591016244802,0,1,0,32.0384461353624,5
60,7,0,0.116591016244802,0,1,0,32.0384461353624,5
60,8,0,0.116591016244802,0,1,0,32.0384461353624,5
60,9,0,0.116591016244802,0,1,0,32.0384461353624,5
61,0,0,0.102504849889069,0,1,0,32.0384461353624,5
61,1,0,0.102504849889069,0,1,0,32.0384461353624,5
61,2,0,0.102504849889069,0,1,0,32.0384461353624,5
61,3,0,0.102504849889069,0,1,0,32.0384461353624,5
61,4,0,0.102504849889069,0,1,0,32.0384461353624,5
61,5,0,0.102504849889069,0,1,0,32.0384461353624,5
61,6,0,0.102504849889069,0,1,0,32.0384461353624,5
61,7,0,0.102504849889069,0,1,0,32.0384461353624,5
61,8,0,0.102504849889069,0,1,0,32.0384461353624,5
61,9,0,0.102504849889069,0,1,0,32.0384461353624,5
62,0,0,0.102504849889069,0,1,0,32.0384461353624,5
62,1,0,0.102504849889069,0,1,0,32.0384461353624,5
62,2,0,0.102504849889069,0,1,0,32.0384461353624,5
62,3,0,0.102504849889069,0,1,0,32.0384461353624,5
62,4,0,0.102504849889069,0,1,0,32.0384461353624,5
62,5,0,0.102504849889069,0,1,0,32.0384461353624,5
62,6,0,0.102504849889069,0,1,0,32.0384461353624,5
62,7,0,0.102504849889069,0,1,0,32.0384461353624,5
62,8,0,0.102504849889069,0,1,0,32.0384461353624,5
62,9,0,0.102504849889069,0,1,0,32.0384461353624,5
63,0,0,0.102504849889069,0,1,0,32.0384461353624,5
63,1,0,0.102504849889069,0,1,0,32.0384461353624,5
63,2,0,0.102504849889069,0,1,0,32.0384461353624,5
63,3,0,0.102504849889069,0,1,0,32.0384461353624,5
63,4,0,0.102504849889069,0,1,0,32.0384461353624,5
63,5,0,0.102504849889069,0,1,0,32.0384461353624,5
63,6,0,0.102504849889069,0,1,0,32.0384461353624,5
63,7,0,0.102504849889069,0,1,0,32.0384461353624,5
63,8,0,0.102504849889069,0,1,0,32.0384461353624,5
63,9,0,0.102504849889069,0,1,0,32.0384461353624,5
64,0,0,0.102504849889069,0,1,0,32.0384461353624,5
64,1,0,0.102504849889069,0,1,0,32.0384461353624,5
64,2,0,0.102504849889069,0,1,0,32.0384461353624,5
64,3,0,0.102504849889069,0,1,0,32.0384461353624,5
64,4,0,0.102504849889069,0,1,0,32.0384461353624,5
64,5,0,0.102504849889069,0,1,0,32.0384461353624,5
64,6,0,0.102504849889069,0,1,0,32.0384461353624,5
64,7,0,0.102504849889069,0,1,0,32.0384461353624,5
64,8,0,0.102504849889069,0,1,0,32.0384461353624,5
64,9,0,0.102504849889069,0,1,0,32.0384461353624,5
65,0,0,0.102504849889069,0,1,0,32.0384461353624,5
65,1,0,0.102504849889069,0,1,0,32.0384461353624,5
65,2,0,0.102504849889069,0,1,0,32.0384461353624,5
65,3,0,0.102504849889069,0,1,0,32.0384461353624,5
65,4,0,0.102504849889069,0,1,0,32.0384461353624,5
65,5,0,0.102504849889069,0,1,0,32.0384461353624,5
65,6,0,0.102504849889069,0,1,0,32.0384461353624,5
65,7,0,0.102504849889069,0,1,0,32.0384461353624,5
65,8,0,0.102504849889069,0,1,0,32.0384461353624,5
65,9,0,0.102504849889069,0,1,0,32.0384461353624,5
66,0,0,0.102504849889069,0,1,0,32.0384461353624,5
66,1,0,0.102504849889069,0,1,0,32.0384461353624,5
66,2,0,0.102504849889069,0,1,0,32.0384461353624,5
66,3,0,0.102504849889069,0,1,0,32.0384461353624,5
66,4,0,0.102504849889069,0,1,0,32.0384461353624,5
66,5,0,0.102504849889069,0,1,0,32.0384461353624,5
66,6,0,0.102504849889069,0,1,0,32.0384461353624,5
66,7,0,0.102504849889069,0,1,0,32.0384461353624,5
66,8,0,0.102504849889069,0,1,0,32.0384461353624,5
66,9,0,0.102504849889069,0,1,0,32.0384461353624,5
67,0,0,0.102504849889069,0,1,0,32.0384461353624,5
67,1,0,0.102504849889069,0,1,0,32.0384461353624,5
67,2,0,0.102504849889069,0,1,0,32.0384461353624,5
67,3,0,0.102504849889069,0,1,0,32.0384461353624,5
67,4,0,0.102504849889069,0,1,0,32.0384461353624,5
67,5,0,0.102504849889069,0,1,0,32.0384461353624,5
67,6,0,0.102504849889069,0,1,0,32.0384461353624,5
67,7,0,0.102504849889069,0,1,0,32.0384461353624,5
67,8,0,0.102504849889069,0,1,0,32.0384461353624,5
67,9,0,0.102504849889069,0,1,0,32.0384461353624,5
68,0,0,0.102504849889069,0,1,0,32.0384461353624,5
68,1,0,0.102504849889069,0,1,0,32.0384461353624,5
68,2,0,0.102504849889069,0,1,0,32.0384461353624,5
68,3,0,0.102504849889069,0,1,0,32.0384461353624,5
68,4,0,0.102504849889069,0,1,0,32.0384461353624,5
68,5,0,0.102504849889069,0,1,0,32.0384461353624,5
68,6,0,0.102504849889069,0,1,0,32.0384461353624,5
68,7,0,0.102504849889069,0,1,0,32.0384461353624,5
68,8,0,0.102504849889069,0,1,0,32.0384461353624,5
68,9,0,0.102504849889069,0,1,0,32.0384461353624,5
69,0,0,0.102504849889069,0,1,0,32.0384461353624,5
69,1,0,0.102504849889069,0,1,0,32.0384461353624,5
69,2,0,0.102504849889069,0,1,0,32.0384461353624,5
69,3,0,0.102504849889069,0,1,0,32.0384461353624,5
69,4,0,0.102504849889069,0,1,0,32.0384461353624,5
69,5,0,0.102504849889069,0,1,0,32.0384461353624,5
69,6,0,0.102504849889069,0,1,0,32.0384461353624,5
69,7,0,0.102504849889069,0,1,0,32.0384461353624,5
69,8,0,0.102504849889069,0,1,0,32.0384461353624,5
69,9,0,0.102504849889069,0,1,0,32.0384461353624,5
70,0,0,0.102504849889069,0,1,0,32.0384461353624,5
70,1,0,0.102504849889069,0,1,0,32.0384461353624,5
70,2,0,0.102504849889069,0,1,0,32.0384461353624,5
70,3,0,0.102504849889069,0,1,0,32.0384461353624,5
70,4,0,0.102504849889069,0,1,0,32.0384461353624,5
70,5,0,0.102504849889069,0,1,0,32.0384461353624,5
70,6,0,0.102504849889069,0,1,0,32.0384461353624,5
70,7,0,0.102504849889069,0,1,0,32.0384461353624,5
70,8,0,0.102504849889069,0,1,0,32.0384461353624,5
70,9,0,0.102504849889069,0,1,0,32.0384461353624,5
71,0,0,0.162480671212122,0,1,0,32.0384461353624,5
71,1,0,0.162480671212122,0,1,0,32.0384461353624,5
71,2,0,0.162480671212122,0,1,0,32.0384461353624,5
71,3,0,0.162480671212122,0,1,0,32.0384461353624,5
71,4,0,0.162480671212122,0,1,0,32.0384461353624,5
71,5,0,0.162480671212122,0,1,0,32.0384461353624,5
71,6,0,0.162480671212122,0,1,0,32.0384461353624,5
71,7,0,0.162480671212122,0,1,0,32.0384461353624,5
71,8,0,0.162480671212122,0,1,0,32.0384461353624,5
71,9,0,0.162480671212122,0,1,0,32.0384461353624,5
72,0,0,0.162480671212122,0,1,0,32.0384461353624,5
72,1,0,0.162480671212122,0,1,0,32.0384461353624,5
72,2,0,0.162480671212122,0,1,0,32.0384461353624,5
72,3,0,0.162480671212122,0,1,0,32.0384461353624,5
72,4,0,0.162480671212122,0,1,0,32.0384461353624,5
72,5,0,0.162480671212122,0,1,0,32.0384461353624,5
72,6,0,0.162480671212122,0,1,0,32.0384461353624,5
72,7,0,0.162480671212122,0,1,0,32.0384461353624,5
72,8,0,0.162480671212122,0,1,0,32.0384461353624,5
72,9,0,0.162480671212122,0,1,0,32.0384461353624,5
73,0,0,0.162480671212122,0,1,0,32.0384461353624,5
73,1,0,0.162480671212122,0,1,0,32.0384461353624,5
73,2,0,0.162480671212122,0,1,0,32.0384461353624,5
73,3,0,0.162480671212122,0,1,0,32.0384461353624,5
73,4,0,0.162480671212122,0,1,0,32.0384461353624,5
73,5,0,0.162480671212122,0,1,0,32.0384461353624,5
73,6,0,0.162480671212122,0,1,0,32.0384461353624,5
73,7,0,0.162480671212122,0,1,0,32.0384461353624,5
73,8,0,0.162480671212122,0,1,0,32.0384461353624,5
73,9,0,0.162480671212122,0,1,0,32.0384461353624,5
74,0,0,0.162480671212122,0,1,0,32.0384461353624,5
74,1,0,0.162480671212122,0,1,0,32.0384461353624,5
74,2,0,0.162480671212122,0,1,0,32.0384461353624,5
74,3,0,0.162480671212122,0,1,0,32.0384461353624,5
74,4,0,0.162480671212122,0,1,0,32.0384461353624,5
74,5,0,0.162480671212122,0,1,0,32.0384461353624,5
74,6,0,0.162480671212122,0,1,0,32.0384461353624,5
74,7,0,0.162480671212122,0,1,0,32.0384461353624,5
74,8,0,0.162480671212122,0,1,0,32.0384461353624,5
74,9,0,0.162480671212122,0,1,0,32.0384461353624,5
75,0,0,0.162480671212122,0,1,0,32.0384461353624,5
75,1,0,0.162480671212122,0,1,0,32.0384461353624,5
75,2,0,0.162480671212122,0,1,0,32.0384461353624,5
75,3,0,0.162480671212122,0,1,0,32.0384461353624,5
75,4,0,0.162480671212122,0,1,0,32.0384461353624,5
75,5,0,0.162480671212122,0,1,0,32.0384461353624,5
75,6,0,0.162480671212122,0,1,0,32.0384461353624,5
75,7,0,0.162480671212122,0,1,0,32.0384461353624,5
75,8,0,0.162480671212122,0,1,0,32.0384461353624,5
75,9,0,0.162480671212122,0,1,0,32.0384461353624,5
76,0,0,0.162480671212122,0,1,0,32.0384461353624,5
76,1,0,0.162480671212122,0,1,0,32.0384461353624,5
76,2,0,0.162480671212122,0,1,0,32.0384461353624,5
76,3,0,0.162480671212122,0,1,0,32.0384461353624,5
76,4,0,0.162480671212122,0,1,0,32.0384461353624,5
76,5,0,0.162480671212122,0,1,0,32.0384461353624,5
76,6,0,0.162480671212122,0,1,0,32.0384461353624,5
76,7,0,0.162480671212122,0,1,0,32.0384461353624,5
76,8,0,0.162480671212122,0,1,0,32.0384461353624,5
76,9,0,0.162480671212122,0,1,0,32.0384461353624,5
77,0,0,0.162480671212122,0,1,0,32.0384461353624,5
77,1,0,0.162480671212122,0,1,0,32.0384461353624,5
77,2,0,0.162480671212122,0,1,0,32.0384461353624,5
77,3,0,0.162480671212122,0,1,0,32.0384461353624,5
77,4,0,0.162480671212122,0,1,0,32.0384461353624,5
77,5,0,0.162480671212122,0,1,0,32.0384461353624,5
77,6,0,0.162480671212122,0,1,0,32.0384461353624,5
77,7,0,0.162480671212122,0,1,0,32.0384461353624,5
77,8,0,0.162480671212122,0,1,0,32.0384461353624,5
77,9,0,0.162480671212122,0,1,0,32.0384461353624,5
78,0,0,0.162480671212122,0,1,0,32.0384461353624,5
78,1,0,0.162480671212122,0,1,0,32.0384461353624,5
78,2,0,0.162480671212122,0,1,0,32.0384461353624,5
78,3,0,0.162480671212122,0,1,0,32.0384461353624,5
78,4,0,0.162480671212122,0,1,0,32.0384461353624,5
78,5,0,0.162480671212122,0,1,0,32.0384461353624,5
78,6,0,0.162480671212122,0,1,0,32.0384461353624,5
78,7,0,0.162480671212122,0,1,0,32.0384461353624,5
78,8,0,0.162480671212122,0,1,0,32.0384461353624,5
78,9,0,0.162480671212122,0,1,0,32.0384461353624,5
79,0,0,0.162480671212122,0,1,0,32.0384461353624,5
79,1,0,0.162480671212122,0,1,0,32.0384461353624,5
79,2,0,0.162480671212122,0,1,0,32.0384461353624,5
79,3,0,0.162480671212122,0,1,0,32.0384461353624,5
79,4,0,0.162480671212122,0,1,0,32.0384461353624,5
79,5,0,0.162480671212122,0,1,0,32.0384461353624,5
79,6,0,0.162480671212122,0,1,0,32.0384461353624,5
79,7,0,0.162480671212122,0,1,0,32.0384461353624,5
79,8,0,0.162480671212122,0,1,0,32.0384461353624,5
79,9,0,0.162480671212122,0,1,0,32.0384461353624,5
80,0,0,0.162480671212122,0,1,0,32.0384461353624,5
80,1,0,0.162480671212122,0,1,0,32.0384461353624,5
80,2,0,0.162480671212122,0,1,0,32.0384461353624,5
80,3,0,0.162480671212122,0,1,0,32.0384461353624,5
80,4,0,0.162480671212122,0,1,0,32.0384461353624,5
80,5,0,0.162480671212122,0,1,0,32.0384461353624,5
80,6,0,0.162480671212122,0,1,0,32.0384461353624,5
80,7,0,0.162480671212122,0,1,0,32.0384461353624,5
80,8,0,0.162480671212122,0,1,0,32.0384461353624,5
80,9,0,0.162480671212122,0,1,0,32.0384461353624,5
81,0,0,0.11296520293409,0,1,0,32.0384461353624,5
81,1,0,0.11296520293409,0,1,0,32.0384461353624,5
81,2,0,0.11296520293409,0,1,0,32.0384461353624,5
81,3,0,0.11296520293409,0,1,0,32.0384461353624,5
81,4,0,0.11296520293409,0,1,0,32.0384461353624,5
81,5,0,0.11296520293409,0,1,0,32.0384461353624,5
81,6,0,0.11296520293409,0,1,0,32.0384461353624,5
81,7,0,0.11296520293409,0,1,0,32.0384461353624,5
81,8,0,0.11296520293409,0,1,0,32.0384461353624,5
81,9,0,0.11296520293409,0,1,0,32.0384461353624,5
82,0,0,0.11296520293409,0,1,0,32.0384461353624,5
82,1,0,0.11296520293409,0,1,0,32.0384461353624,5
82,2,0,0.11296520293409,0,1,0,32.0384461353624,5
82,3,0,0.11296520293409,0,1,0,32.0384461353624,5
82,4,0,0.11296520293409,0,1,0,32.0384461353624,5
82,5,0,0.11296520293409,0,1,0,32.0384461353624,5
82,6,0,0.11296520293409,0,1,0,32.0384461353624,5
82,7,0,0.11296520293409,0,1,0,32.0384461353624,5
82,8,0,0.11296520293409,0,1,0,32.0384461353624,5
82,9,0,0.11296520293409,0,1,0,32.0384461353624,5
83,0,0,0.11296520293409,0,1,0,32.0384461353624,5
83,1,0,0.11296520293409,0,1,0,32.0384461353624,5
83,2,0,0.11296520293409,0,1,0,32.0384461353624,5
83,3,0,0.11296520293409,0,1,0,32.0384461353624,5
83,4,0,0.11296520293409,0,1,0,32.0384461353624,5
83,5,0,0.11296520293409,0,1,0,32.0384461353624,5
83,6,0,0.11296520293409,0,1,0,32.0384461353624,5
83,7,0,0.11296520293409,0,1,0,32.0384461353624,5
83,8,0,0.11296520293409,0,1,0,32.0384461353624,5
83,9,0,0.11296520293409,0,1,0,32.0384461353624,5
84,0,0,0.11296520293409,0,1,0,32.0384461353624,5
84,1,0,0.11296520293409,0,1,0,32.0384461353624,5
84,2,0,0.11296520293409,0,1,0,32.0384461353624,5
84,3,0,0.11296520293409,0,1,0,32.0384461353624,5
84,4,0,0.11296520293409,0,1,0,32.0384461353624,5
84,5,0,0.11296520293409,0,1,0,32.0384461353624,5
84,6,0,0.11296520293409,0,1,0,32.0384461353624,5
84,7,0,0.11296520293409,0,1,0,32.0384461353624,5
84,8,0,0.11296520293409,0,1,0,32.0384461353624,5
84,9,0,0.11296520293409,0,1,0,32.0384461353624,5
85,0,0,0.11296520293409,0,1,0,32.0384461353624,5
85,1,0,0.11296520293409,0,1,0,32.0384461353624,5
85,2,0,0.11296520293409,0,1,0,32.0384461353624,5
85,3,0,0.11296520293409,0,1,0,32.0384461353624,5
85,4,0,0.11296520293409,0,1,0,32.0384461353624,5
85,5,0,0.11296520293409,0,1,0,32.0384461353624,5
85,6,0,0.11296520293409,0,1,0,32.0384461353624,5
85,7,0,0.11296520293409,0,1,0,32.0384461353624,5
85,8,0,0.11296520293409,0,1,0,32.0384461353624,5
85,9,0,0.11296520293409,0,1,0,32.0384461353624,5
86,0,0,0.11296520293409,0,1,0,32.0384461353624,5
86,1,0,0.11296520293409,0,1,0,32.0384461353624,5
86,2,0,0.11296520293409,0,1,0,32.0384461353624,5
86,3,0,0.11296520293409,0,1,0,32.0384461353624,5
86,4,0,0.11296520293409,0,1,0,32.0384461353624,5
86,5,0,0.11296520293409,0,1,0,32.0384461353624,5
86,6,0,0.11296520293409,0,1,0,32.0384461353624,5
86,7,0,0.11296520293409,0,1,0,32.0384461353624,5
86,8,0,0.11296520293409,0,1,0,32.0384461353624,5
86,9,0,0.11296520293409,0,1,0,32.0384461353624,5
87,0,0,0.11296520293409,0,1,0,32.0384461353624,5
87,1,0,0.11296520293409,0,1,0,32.0384461353624,5
87,2,0,0.11296520293409,0,1,0,32.0384461353624,5
87,3,0,0.11296520293409,0,1,0,32.0384461353624,5
87,4,0,0.11296520293409,0,1,0,32.0384461353624,5
87,5,0,0.11296520293409,0,1,0,32.0384461353624,5
87,6,0,0.11296520293409,0,1,0,32.0384461353624,5
87,7,0,0.11296520293409,0,1,0,32.0384461353624,5
87,8,0,0.11296520293409,0,1,0,32.0384461353624,5
87,9,0,0.11296520293409,0,1,0,32.0384461353624,5
88,0,0,0.11296520293409,0,1,0,32.0384461353624,5
88,1,0,0.11296520293409,0,1,0,32.0384461353624,5
88,2,0,0.11296520293409,0,1,0,32.0384461353624,5
88,3,0,0.11296520293409,0,1,0,32.0384461353624,5
88,4,0,0.11296520293409,0,1,0,32.0384461353624,5
88,5,0,0.11296520293409,0,1,0,32.0384461353624,5
88,6,0,0.11296520293409,0,1,0,32.0384461353624,5
88,7,0,0.11296520293409,0,1,0,32.0384461353624,5
88,8,0,0.11296520293409,0,1,0,32.0384461353624,5
88,9,0,0.11296520293409,0,1,0,32.0384461353624,5
89,0,0,0.11296520293409,0,1,0,32.0384461353624,5
89,1,0,0.11296520293409,0,1,0,32.0384461353624,5
89,2,0,0.11296520293409,0,1,0,32.0384461353624,5
89,3,0,0.11296520293409,0,1,0,32.0384461353624,5
89,4,0,0.11296520293409,0,1,0,32.0384461353624,5
89,5,0,0.11296520293409,0,1,0,32.0384461353624,5
89,6,0,0.11296520293409,0,1,0,32.0384461353624,5
89,7,0,0.11296520293409,0,1,0,32.0384461353624,5
89,8,0,0.11296520293409,0,1,0,32.0384461353624,5
89,9,0,0.11296520293409,0,1,0,32.0384461353624,5
90,0,0,0.11296520293409,0,1,0,32.0384461353624,5
90,1,0,0.11296520293409,0,1,0,32.0384461353624,5
90,2,0,0.11296520293409,0,1,0,32.0384461353624,5
90,3,0,0.11296520293409,0,1,0,32.0384461353624,5
90,4,0,0.11296520293409,0,1,0,32.0384461353624,5
90,5,0,0.11296520293409,0,1,0,32.0384461353624,5
90,6,0,0.11296520293409,0,1,0,32.0384461353624,5
90,7,0,0.11296520293409,0,1,0,32.0384461353624,5
90,8,0,0.11296520293409,0,1,0,32.0384461353624,5
90,9,0,0.11296520293409,0,1,0,32.0384461353624,5
91,0,0,0.281766753953895,0,1,0,32.0384461353624,5
91,1,0,0.281766753953895,0,1,0,32.0384461353624,5
91,2,0,0.281766753953895,0,1,0,32.0384461353624,5
91,3,0,0.281766753953895,0,1,0,32.0384461353624,5
91,4,0,0.281766753953895,0,1,0,32.0384461353624,5
91,5,0,0.281766753953895,0,1,0,32.0384461353624,5
91,6,0,0.281766753953895,0,1,0,32.0384461353624,5
91,7,0,0.281766753953895,0,1,0,32.0384461353624,5
91,8,0,0.281766753953895,0,1,0,32.0384461353624,5
91,9,0,0.281766753953895,0,1,0,32.0384461353624,5
92,0,0,0.281766753953895,0,1,0,32.0384461353624,5
92,1,0,0.281766753953895,0,1,0,32.0384461353624,5
92,2,0,0.281766753953895,0,1,0,32.0384461353624,5
92,3,0,0.281766753953895,0,1,0,32.0384461353624,5
92,4,0,0.281766753953895,0,1,0,32.0384461353624,5
92,5,0,0.281766753953895,0,1,0,32.0384461353624,5
92,6,0,0.281766753953895,0,1,0,32.0384461353624,5
92,7,0,0.281766753953895,0,1,0,32.0384461353624,5
92,8,0,0.281766753953895,0,1,0,32.0384461353624,5
92,9,0,0.281766753953895,0,1,0,32.0384461353624,5
93,0,0,0.281766753953895,0,1,0,32.0384461353624,5
93,1,0,0.281766753953895,0,1,0,32.0384461353624,5
93,2,0,0.281766753953895,0,1,0,32.0384461353624,5
93,3,0,0.281766753953895,0,1,0,32.0384461353624,5
93,4,0,0.281766753953895,0,1,0,32.0384461353624,5
93,5,0,0.281766753953895,0,1,0,32.0384461353624,5
93,6,0,0.281766753953895,0,1,0,32.0384461353624,5
93,7,0,0.281766753953895,0,1,0,32.0384461353624,5
93,8,0,0.281766753953895,0,1,0,32.0384461353624,5
93,9,0,0.281766753953895,0,1,0,32.0384461353624,5
94,0,0,0.281766753953895,0,1,0,32.0384461353624,5
94,1,0,0.281766753953895,0,1,0,32.0384461353624,5
94,2,0,0.281766753953895,0,1,0,32.0384461353624,5
94,3,0,0.281766753953895,0,1,0,32.0384461353624,5
94,4,0,0.281766753953895,0,1,0,32.0384461353624,5
94,5,0,0.281766753953895,0,1,0,32.0384461353624,5
94,6,0,0.281766753953895,0,1,0,32.0384461353624,5
94,7,0,0.281766753953895,0,1,0,32.0384461353624,5
94,8,0,0.281766753953895,0,1,0,32.0384461353624,5
94,9,0,0.281766753953895,0,1,0,32.0384461353624,5
95,0,0,0.281766753953895,0,1,0,32.0384461353624,5
95,1,0,0.281766753953895,0,1,0,32.0384461353624,5
95,2,0,0.281766753953895,0,1,0,32.0384461353624,5
95,3,0,0.281766753953895,0,1,0,32.0384461353624,5
95,4,0,0.281766753953895,0,1,0,32.0384461353624,5
95,5,0,0.281766753953895,0,1,0,32.0384461353624,5
95,6,0,0.281766753953895,0,1,0,32.0384461353624,5
95,7,0,0.281766753953895,0,1,0,32.0384461353624,5
95,8,0,0.281766753953895,0,1,0,32.0384461353624,5
95,9,0,0.281766753953895,0,1,0,32.0384461353624,5
96,0,0,0.281766753953895,0,1,0,32.0384461353624,5
96,1,0,0.281766753953895,0,1,0,32.0384461353624,5
96,2,0,0.281766753953895,0,1,0,32.0384461353624,5
96,3,0,0.281766753953895,0,1,0,32.0384461353624,5
96,4,0,0.281766753953895,0,1,0,32.0384461353624,5
96,5,0,0.281766753953895,0,1,0,32.0384461353624,5
96,6,0,0.281766753953895,0,1,0,32.0384461353624,5
96,7,0,0.281766753953895,0,1,0,32.0384461353624,5
96,8,0,0.281766753953895,0,1,0,32.0384461353624,5
96,9,0,0.281766753953895,0,1,0,32.0384461353624,5
97,0,0,0.281766753953895,0,1,0,32.0384461353624,5
97,1,0,0.281766753953895,0,1,0,32.0384461353624,5
97,2,0,0.281766753953895,0,1,0,32.0384461353624,5
97,3,0,0.281766753953895,0,1,0,32.0384461353624,5
97,4,0,0.281766753953895,0,1,0,32.0384461353624,5
97,5,0,0.281766753953895,0,1,0,32.0384461353624,5
97,6,0,0.281766753953895,0,1,0,32.0384461353624,5
97,7,0,0.281766753953895,0,1,0,32.0384461353624,5
97,8,0,0.281766753953895,0,1,0,32.0384461353624,5
97,9,0,0.281766753953895,0,1,0,32.0384461353624,5
98,0,0,0.281766753953895,0,1,0,32.0384461353624,5
98,1,0,0.281766753953895,0,1,0,32.0384461353624,5
98,2,0,0.281766753953895,0,1,0,32.0384461353624,5
98,3,0,0.281766753953895,0,1,0,32.0384461353624,5
98,4,0,0.281766753953895,0,1,0,32.0384461353624,5
98,5,0,0.281766753953895,0,1,0,32.0384461353624,5
98,6,0,0.281766753953895,0,1,0,32.0384461353624,5
98,7,0,0.281766753953895,0,1,0,32.0384461353624,5
98,8,0,0.281766753953895,0,1,0,32.0384461353624,5
98,9,0,0.281766753953895,0,1,0,32.0384461353624,5
99,0,0,0.281766753953895,0,1,0,32.0384461353624,5
99,1,0,0.281766753953895,0,1,0,32.0384461353624,5
99,2,0,0.281766753953895,0,1,0,32.0384461353624,5
99,3,0,0.281766753953895,0,1,0,32.0384461353624,5
99,4,0,0.281766753953895,0,1,0,32.0384461353624,5
99,5,0,0.281766753953895,0,1,0,32.0384461353624,5
99,6,0,0.281766753953895,0,1,0,32.0384461353624,5
99,7,0,0.281766753953895,0,1,0,32.0384461353624,5
99,8,0,0.281766753953895,0,1,0,32.0384461353624,5
99,9,0,0.281766753953895,0,1,0,32.0384461353624,5
